0	0	0
10	1.00E-05	3.24E-07
20	2.00E-05	2.15E-06
30	3.00E-05	2.95E-06
40	4.00E-05	4.85E-06
50	5.00E-05	8.74E-06
60	6.00E-05	1.12E-05
70	7.00E-05	1.49E-05
80	8.00E-05	1.73E-05
90	9.00E-05	1.72E-05
100	0.0001	1.56E-05
110	0.00011	2.14E-05
120	0.00012	2.32E-05
130	0.00013	2.35E-05
140	0.00014	2.34E-05
150	0.00015	2.40E-05
160	0.00016	2.52E-05
170	0.00017	2.63E-05
180	0.00018	2.70E-05
190	0.00019	2.63E-05
200	0.0002	2.57E-05
210	0.00021	2.53E-05
220	0.00022	2.40E-05
230	0.00023	2.16E-05
240	0.00024	1.95E-05
250	0.00025	1.96E-05
260	0.00026	1.77E-05
270	0.00027	1.49E-05
280	0.00028	1.39E-05
290	0.00029	1.66E-05
300	0.0003	1.91E-05
310	0.00031	1.94E-05
320	0.00032	1.69E-05
330	0.00033	1.78E-05
340	0.00034	1.72E-05
350	0.00035	1.57E-05
360	0.00036	1.57E-05
370	0.00037	1.54E-05
380	0.00038	1.60E-05
390	0.00039	1.76E-05
400	0.0004	2.05E-05
410	0.00041	2.14E-05
420	0.00042	2.49E-05
430	0.00043	2.67E-05
440	0.00044	2.91E-05
450	0.00045	2.81E-05
460	0.00046	2.56E-05
470	0.00047	2.25E-05
480	0.00048	2.13E-05
490	0.00049	2.25E-05
500	0.0005	2.49E-05
510	0.00051	2.53E-05
520	0.00052	2.59E-05
530	0.00053	2.73E-05
540	0.00054	3.07E-05
550	0.00055	3.20E-05
560	0.00056	3.34E-05
570	0.00057	3.05E-05
580	0.00058	2.45E-05
590	0.00059	1.63E-05
600	0.0006	1.39E-05
610	0.00061	1.26E-05
620	0.00062	1.50E-05
630	0.00063	1.54E-05
640	0.00064	1.54E-05
650	0.00065	1.33E-05
660	0.00066	1.13E-05
670	0.00067	3.97E-06
680	0.00068	5.99E-07
690	0.00069	-3.50E-06
700	0.0007	-5.42E-06
710	0.00071	-3.02E-06
720	0.00072	-6.13E-07
730	0.00073	5.25E-07
740	0.00074	3.49E-06
750	0.00075	5.94E-06
760	0.00076	1.13E-05
770	0.00077	1.51E-05
780	0.00078	1.91E-05
790	0.00079	-175.0409
800	0.0008	-157.5931
810	0.00081	-145.4284
820	0.00082	-137.0227
830	0.00083	-130.0187
840	0.00084	-124.1193
850	0.00085	-118.9447
860	0.00086	-114.1516
870	0.00087	-109.7684
880	0.00088	-106.0944
890	0.00089	-102.2793
900	0.0009	-98.4297
910	0.00091	-95.09021
920	0.00092	-91.96946
930	0.00093	-88.94044
940	0.00094	-86.12087
950	0.00095	-83.46164
960	0.00096	-80.87567
970	0.00097	-78.36913
980	0.00098	-76.14361
990	0.00099	-73.92086
1000	0.001	-71.78762
1010	0.00101	-69.7242
1020	0.00102	-67.84877
1030	0.00103	-65.98907
1040	0.00104	-64.18033
1050	0.00105	-62.51319
1060	0.00106	-60.89641
1070	0.00107	-59.25874
1080	0.00108	-57.85653
1090	0.00109	-56.41489
1100	0.0011	-54.99319
1110	0.00111	-53.64476
1120	0.00112	-52.36599
1130	0.00113	-51.04907
1140	0.00114	-49.85868
1150	0.00115	-48.76844
1160	0.00116	-47.6613
1170	0.00117	-46.61587
1180	0.00118	-45.5089
1190	0.00119	-44.5009
1200	0.0012	-43.54576
1210	0.00121	-42.6712
1220	0.00122	-41.77234
1230	0.00123	-40.84027
1240	0.00124	-40.01594
1250	0.00125	-39.20378
1260	0.00126	-38.40908
1270	0.00127	-37.66162
1280	0.00128	-36.91228
1290	0.00129	-36.21809
1300	0.0013	-35.53025
1310	0.00131	-34.85633
1320	0.00132	-34.23463
1330	0.00133	-33.64835
1340	0.00134	-33.00882
1350	0.00135	-32.4332
1360	0.00136	-31.87817
1370	0.00137	-31.35431
1380	0.00138	-30.8602
1390	0.00139	-30.35843
1400	0.0014	-29.88984
1410	0.00141	-29.44857
1420	0.00142	-29.10006
1430	0.00143	-28.65368
1440	0.00144	-28.29881
1450	0.00145	-27.9719
1460	0.00146	-27.6904
1470	0.00147	-27.44933
1480	0.00148	-27.21197
1490	0.00149	-27.02994
1500	0.0015	-26.87678
1510	0.00151	-26.76801
1520	0.00152	-26.69471
1530	0.00153	-26.64258
1540	0.00154	-26.61619
1550	0.00155	-26.6033
1560	0.00156	-26.60367
1570	0.00157	-26.61169
1580	0.00158	-26.62172
1590	0.00159	-26.63134
1600	0.0016	-26.64389
1610	0.00161	-26.65465
1620	0.00162	-26.66481
1630	0.00163	-26.67293
1640	0.00164	-26.6837
1650	0.00165	-26.6917
1660	0.00166	-26.70028
1670	0.00167	-26.70592
1680	0.00168	-26.71436
1690	0.00169	-26.73011
1700	0.0017	-26.72503
1710	0.00171	-26.74217
1720	0.00172	-26.73979
1730	0.00173	-26.74403
1740	0.00174	-26.75087
1750	0.00175	-26.75547
1760	0.00176	-26.76678
1770	0.00177	-26.76325
1780	0.00178	-26.76326
1790	0.00179	-26.7677
1800	0.0018	-26.77326
1810	0.00181	-26.77416
1820	0.00182	-26.7801
1830	0.00183	-26.78086
1840	0.00184	-26.79142
1850	0.00185	-26.79346
1860	0.00186	-26.78699
1870	0.00187	-26.78891
1880	0.00188	-26.7906
1890	0.00189	-26.79021
1900	0.0019	-26.79092
1910	0.00191	-26.78979
1920	0.00192	-26.80283
1930	0.00193	-26.78831
1940	0.00194	-26.78285
1950	0.00195	-26.78615
1960	0.00196	-26.79851
1970	0.00197	-26.78479
1980	0.00198	-26.78317
1990	0.00199	-26.77708
2000	0.002	-26.77578
2010	0.00201	-26.77896
2020	0.00202	-26.7907
2030	0.00203	-26.77608
2040	0.00204	-26.76937
2050	0.00205	-26.77229
2060	0.00206	-26.76917
2070	0.00207	-26.76357
2080	0.00208	-26.7668
2090	0.00209	-26.76443
2100	0.0021	-26.76272
2110	0.00211	-26.7558
2120	0.00212	-26.75899
2130	0.00213	-26.75767
2140	0.00214	-26.75108
2150	0.00215	-26.75452
2160	0.00216	-26.75345
2170	0.00217	-26.74707
2180	0.00218	-26.75068
2190	0.00219	-26.74976
2200	0.0022	-26.7435
2210	0.00221	-26.74656
2220	0.00222	-26.74459
2230	0.00223	-26.74334
2240	0.00224	-26.74195
2250	0.00225	-26.74044
2260	0.00226	-26.73847
2270	0.00227	-26.73753
2280	0.00228	-26.73591
2290	0.00229	-26.73281
2300	0.0023	-26.73077
2310	0.00231	-26.72878
2320	0.00232	-26.72648
2330	0.00233	-26.73787
2340	0.00234	-26.72214
2350	0.00235	-26.71992
2360	0.00236	-26.71963
2370	0.00237	-26.71377
2380	0.00238	-26.72659
2390	0.00239	-26.71265
2400	0.0024	-26.70709
2410	0.00241	-26.72017
2420	0.00242	-26.70655
2430	0.00243	-26.7012
2440	0.00244	-26.71447
2450	0.00245	-26.70107
2460	0.00246	-26.6959
2470	0.00247	-26.70932
2480	0.00248	-26.69609
2490	0.00249	-26.69105
2500	0.0025	-26.70459
2510	0.00251	-26.69151
2520	0.00252	-26.68879
2530	0.00253	-26.68753
2540	0.00254	-26.69868
2550	0.00255	-26.68574
2560	0.00256	-26.68427
2570	0.00257	-26.68201
2580	0.00258	-26.67653
2590	0.00259	-26.67988
2600	0.0026	-26.67904
2610	0.00261	-26.67752
2620	0.00262	-26.6752
2630	0.00263	-26.66965
2640	0.00264	-26.6729
2650	0.00265	-26.67196
2660	0.00266	-26.67036
2670	0.00267	-26.66381
2680	0.00268	-26.66697
2690	0.00269	-26.66597
2700	0.0027	-26.66336
2710	0.00271	-26.66236
2720	0.00272	-26.66134
2730	0.00273	-26.65874
2740	0.00274	-26.65776
2750	0.00275	-26.65675
2760	0.00276	-26.65417
2770	0.00277	-26.65322
2780	0.00278	-26.65223
2790	0.00279	-26.64968
2800	0.0028	-26.64875
2810	0.00281	-26.64779
2820	0.00282	-26.64526
2830	0.00283	-26.64437
2840	0.00284	-26.64343
2850	0.00285	-26.64092
2860	0.00286	-26.64002
2870	0.00287	-26.63907
2880	0.00288	-26.63654
2890	0.00289	-26.63562
2900	0.0029	-26.63462
2910	0.00291	-26.63204
2920	0.00292	-26.63105
2930	0.00293	-26.62827
2940	0.00294	-26.62695
2950	0.00295	-26.62555
2960	0.00296	-26.62408
2970	0.00297	-26.62257
2980	0.00298	-26.62105
2990	0.00299	-26.6195
3000	0.003	-26.61795
3010	0.00301	-26.61641
3020	0.00302	-26.61487
3030	0.00303	-26.61334
3040	0.00304	-26.61184
3050	0.00305	-26.61035
3060	0.00306	-26.60888
3070	0.00307	-26.60744
3080	0.00308	-26.60603
3090	0.00309	-26.60464
3100	0.0031	-26.60329
3110	0.00311	-26.60197
3120	0.00312	-26.60066
3130	0.00313	-26.59938
3140	0.00314	-26.59811
3150	0.00315	-26.59685
3160	0.00316	-26.59561
3170	0.00317	-26.59438
3180	0.00318	-26.59314
3190	0.00319	-26.59188
3200	0.0032	-26.5906
3210	0.00321	-26.58929
3220	0.00322	-26.58795
3230	0.00323	-26.58656
3240	0.00324	-26.58512
3250	0.00325	-26.58363
3260	0.00326	-26.58209
3270	0.00327	-26.58048
3280	0.00328	-26.57881
3290	0.00329	-26.57706
3300	0.0033	-26.57525
3310	0.00331	-26.57337
3320	0.00332	-26.5714
3330	0.00333	-26.56936
3340	0.00334	-26.56723
3350	0.00335	-26.56503
3360	0.00336	-26.56272
3370	0.00337	-26.56025
3380	0.00338	-26.55755
3390	0.00339	-26.55453
3400	0.0034	-26.55072
3410	0.00341	-26.54558
3420	0.00342	-26.53831
3430	0.00343	-26.52771
3440	0.00344	-26.51224
3450	0.00345	-26.49003
3460	0.00346	-26.45904
3470	0.00347	-26.41723
3480	0.00348	-26.36286
3490	0.00349	-26.29458
3500	0.0035	-26.21166
3510	0.00351	-26.11402
3520	0.00352	-26.00205
3530	0.00353	-25.87668
3540	0.00354	-25.73921
3550	0.00355	-25.59108
3560	0.00356	-25.43382
3570	0.00357	-25.26891
3580	0.00358	-25.09777
3590	0.00359	-24.9342
3600	0.0036	-24.74315
3610	0.00361	-24.5576
3620	0.00362	-24.37516
3630	0.00363	-24.18901
3640	0.00364	-24.00225
3650	0.00365	-23.81536
3660	0.00366	-23.62875
3670	0.00367	-23.44275
3680	0.00368	-23.25813
3690	0.00369	-23.07405
3700	0.0037	-22.89122
3710	0.00371	-22.7099
3720	0.00372	-22.5776
3730	0.00373	-22.35288
3740	0.00374	-22.17624
3750	0.00375	-22.00171
3760	0.00376	-21.82913
3770	0.00377	-21.65912
3780	0.00378	-21.48958
3790	0.00379	-21.32259
3800	0.0038	-21.15746
3810	0.00381	-20.99246
3820	0.00382	-20.83547
3830	0.00383	-20.68089
3840	0.00384	-20.51623
3850	0.00385	-20.36088
3860	0.00386	-20.2065
3870	0.00387	-20.05414
3880	0.00388	-19.90455
3890	0.00389	-19.75555
3900	0.0039	-19.60883
3910	0.00391	-19.46222
3920	0.00392	-19.32321
3930	0.00393	-19.18216
3940	0.00394	-19.04563
3950	0.00395	-18.90242
3960	0.00396	-18.77078
3970	0.00397	-18.63771
3980	0.00398	-18.50679
3990	0.00399	-18.3747
4000	0.004	-18.24603
4010	0.00401	-18.11793
4020	0.00402	-17.99329
4030	0.00403	-17.86809
4040	0.00404	-17.74145
4050	0.00405	-17.62372
4060	0.00406	-17.50207
4070	0.00407	-17.40177
4080	0.00408	-17.26155
4090	0.00409	-17.14723
4100	0.0041	-17.02864
4110	0.00411	-16.91476
4120	0.00412	-16.80027
4130	0.00413	-16.68766
4140	0.00414	-16.57876
4150	0.00415	-16.48221
4160	0.00416	-16.35985
4170	0.00417	-16.25042
4180	0.00418	-16.14459
4190	0.00419	-16.04001
4200	0.0042	-15.93427
4210	0.00421	-15.84257
4220	0.00422	-15.72788
4230	0.00423	-15.62608
4240	0.00424	-15.52607
4250	0.00425	-15.4347
4260	0.00426	-15.32737
4270	0.00427	-15.23187
4280	0.00428	-15.13264
4290	0.00429	-15.03669
4300	0.0043	-14.94154
4310	0.00431	-14.8507
4320	0.00432	-14.75517
4330	0.00433	-14.66297
4340	0.00434	-14.57118
4350	0.00435	-14.48029
4360	0.00436	-14.40045
4370	0.00437	-14.3089
4380	0.00438	-14.21405
4390	0.00439	-14.12637
4400	0.0044	-14.03955
4410	0.00441	-13.96699
4420	0.00442	-13.86952
4430	0.00443	-13.78493
4440	0.00444	-13.70136
4450	0.00445	-13.62885
4460	0.00446	-13.53726
4470	0.00447	-13.45569
4480	0.00448	-13.37656
4490	0.00449	-13.29655
4500	0.0045	-13.21592
4510	0.00451	-13.13803
4520	0.00452	-13.06
4530	0.00453	-12.98484
4540	0.00454	-12.9065
4550	0.00455	-12.83177
4560	0.00456	-12.75472
4570	0.00457	-12.6798
4580	0.00458	-12.60874
4590	0.00459	-12.53329
4600	0.0046	-12.45948
4610	0.00461	-12.38851
4620	0.00462	-12.31642
4630	0.00463	-12.24489
4640	0.00464	-12.17021
4650	0.00465	-12.09791
4660	0.00466	-12.02688
4670	0.00467	-11.95679
4680	0.00468	-11.88702
4690	0.00469	-11.81777
4700	0.0047	-11.74884
4710	0.00471	-11.68022
4720	0.00472	-11.61196
4730	0.00473	-11.54385
4740	0.00474	-11.47599
4750	0.00475	-11.40837
4760	0.00476	-11.34087
4770	0.00477	-11.27355
4780	0.00478	-11.20642
4790	0.00479	-11.13948
4800	0.0048	-11.07274
4810	0.00481	-11.00621
4820	0.00482	-10.93991
4830	0.00483	-10.87386
4840	0.00484	-10.80806
4850	0.00485	-10.74252
4860	0.00486	-10.67721
4870	0.00487	-10.61214
4880	0.00488	-10.54731
4890	0.00489	-10.48271
4900	0.0049	-10.41834
4910	0.00491	-10.35421
4920	0.00492	-10.29032
4930	0.00493	-10.22667
4940	0.00494	-10.16326
4950	0.00495	-10.10008
4960	0.00496	-10.03714
4970	0.00497	-9.974431
4980	0.00498	-9.91196
4990	0.00499	-9.849722
5000	0.005	-9.787713
5010	0.00501	-9.72593
5020	0.00502	-9.664375
5030	0.00503	-9.603043
5040	0.00504	-9.541934
5050	0.00505	-9.481045
5060	0.00506	-9.420378
5070	0.00507	-9.359931
5080	0.00508	-9.299704
5090	0.00509	-9.239696
5100	0.0051	-9.179905
5110	0.00511	-9.120331
5120	0.00512	-9.060974
5130	0.00513	-9.001833
5140	0.00514	-8.9429
5150	0.00515	-8.884176
5160	0.00516	-8.825661
5170	0.00517	-8.767353
5180	0.00518	-8.709259
5190	0.00519	-8.651374
5200	0.0052	-8.593674
5210	0.00521	-8.536171
5220	0.00522	-8.478891
5230	0.00523	-8.421824
5240	0.00524	-8.364968
5250	0.00525	-8.308308
5260	0.00526	-8.251834
5270	0.00527	-8.195556
5280	0.00528	-8.139484
5290	0.00529	-8.083616
5300	0.0053	-8.027947
5310	0.00531	-7.972476
5320	0.00532	-7.917198
5330	0.00533	-7.862105
5340	0.00534	-7.807199
5350	0.00535	-7.752493
5360	0.00536	-7.697983
5370	0.00537	-7.643663
5380	0.00538	-7.589533
5390	0.00539	-7.535595
5400	0.0054	-7.481844
5410	0.00541	-7.428279
5420	0.00542	-7.374898
5430	0.00543	-7.321701
5440	0.00544	-7.268689
5450	0.00545	-7.215862
5460	0.00546	-7.163222
5470	0.00547	-7.110766
5480	0.00548	-7.058496
5490	0.00549	-7.006412
5500	0.0055	-6.95451
5510	0.00551	-6.902789
5520	0.00552	-6.851245
5530	0.00553	-6.79988
5540	0.00554	-6.748693
5550	0.00555	-6.697681
5560	0.00556	-6.64684
5570	0.00557	-6.596173
5580	0.00558	-6.545679
5590	0.00559	-6.495358
5600	0.0056	-6.445211
5610	0.00561	-6.395239
5620	0.00562	-6.345448
5630	0.00563	-6.295831
5640	0.00564	-6.24638
5650	0.00565	-6.197093
5660	0.00566	-6.147978
5670	0.00567	-6.099033
5680	0.00568	-6.050256
5690	0.00569	-6.001641
5700	0.0057	-5.953189
5710	0.00571	-5.904899
5720	0.00572	-5.856773
5730	0.00573	-5.808811
5740	0.00574	-5.761014
5750	0.00575	-5.713379
5760	0.00576	-5.66591
5770	0.00577	-5.618607
5780	0.00578	-5.571467
5790	0.00579	-5.524489
5800	0.0058	-5.47767
5810	0.00581	-5.43101
5820	0.00582	-5.384508
5830	0.00583	-5.338161
5840	0.00584	-5.291969
5850	0.00585	-5.245927
5860	0.00586	-5.200038
5870	0.00587	-5.154303
5880	0.00588	-5.108719
5890	0.00589	-5.063289
5900	0.0059	-5.018013
5910	0.00591	-4.97289
5920	0.00592	-4.927918
5930	0.00593	-4.883099
5940	0.00594	-4.838432
5950	0.00595	-4.793916
5960	0.00596	-4.749546
5970	0.00597	-4.705322
5980	0.00598	-4.661246
5990	0.00599	-4.617319
6000	0.006	-4.573538
6010	0.00601	-4.529902
6020	0.00602	-4.486411
6030	0.00603	-4.443064
6040	0.00604	-4.399857
6050	0.00605	-4.356791
6060	0.00606	-4.313869
6070	0.00607	-4.271087
6080	0.00608	-4.228446
6090	0.00609	-4.185945
6100	0.0061	-4.143583
6110	0.00611	-4.101361
6120	0.00612	-4.059275
6130	0.00613	-4.017328
6140	0.00614	-3.975519
6150	0.00615	-3.933846
6160	0.00616	-3.892309
6170	0.00617	-3.850908
6180	0.00618	-3.809639
6190	0.00619	-3.768503
6200	0.0062	-3.727504
6210	0.00621	-3.686634
6220	0.00622	-3.645899
6230	0.00623	-3.605295
6240	0.00624	-3.564822
6250	0.00625	-3.524482
6260	0.00626	-3.484274
6270	0.00627	-3.444197
6280	0.00628	-3.404252
6290	0.00629	-3.364438
6300	0.0063	-3.324756
6310	0.00631	-3.285204
6320	0.00632	-3.245782
6330	0.00633	-3.206489
6340	0.00634	-3.167325
6350	0.00635	-3.128286
6360	0.00636	-3.089371
6370	0.00637	-3.050579
6380	0.00638	-3.011909
6390	0.00639	-2.973363
6400	0.0064	-2.93494
6410	0.00641	-2.896638
6420	0.00642	-2.858459
6430	0.00643	-2.820399
6440	0.00644	-2.782458
6450	0.00645	-2.744636
6460	0.00646	-2.706935
6470	0.00647	-2.669352
6480	0.00648	-2.631887
6490	0.00649	-2.594542
6500	0.0065	-2.557315
6510	0.00651	-2.520208
6520	0.00652	-2.483218
6530	0.00653	-2.446346
6540	0.00654	-2.40959
6550	0.00655	-2.372949
6560	0.00656	-2.336424
6570	0.00657	-2.300014
6580	0.00658	-2.26372
6590	0.00659	-2.227538
6600	0.0066	-2.191474
6610	0.00661	-2.155525
6620	0.00662	-2.119691
6630	0.00663	-2.083972
6640	0.00664	-2.048367
6650	0.00665	-2.012877
6660	0.00666	-1.9775
6670	0.00667	-1.942237
6680	0.00668	-1.907087
6690	0.00669	-1.872047
6700	0.0067	-1.837115
6710	0.00671	-1.802291
6720	0.00672	-1.767575
6730	0.00673	-1.732967
6740	0.00674	-1.698465
6750	0.00675	-1.66407
6760	0.00676	-1.629782
6770	0.00677	-1.595601
6780	0.00678	-1.561525
6790	0.00679	-1.527554
6800	0.0068	-1.49369
6810	0.00681	-1.459931
6820	0.00682	-1.424069
6830	0.00683	-1.390258
6840	0.00684	-1.355869
6850	0.00685	-1.321502
6860	0.00686	-1.288667
6870	0.00687	-1.254682
6880	0.00688	-1.222448
6890	0.00689	-1.189137
6900	0.0069	-1.119389
6910	0.00691	-1.085539
6920	0.00692	-1.058612
6930	0.00693	-1.027427
6940	0.00694	-0.9963064
6950	0.00695	-0.9248468
6960	0.00696	-0.894146
6970	0.00697	-0.8677407
6980	0.00698	-0.8365718
6990	0.00699	-0.7105206
7000	0.007	-0.7280852
7010	0.00701	-0.7072761
7020	0.00702	-0.6789058
7030	0.00703	-0.5174616
7040	0.00704	-0.5370384
7050	0.00705	-0.5429047
7060	0.00706	-0.515158
7070	0.00707	-0.4414243
7080	0.00708	-0.4056789
7090	0.00709	-0.3637814
7100	0.0071	-0.3460316
7110	0.00711	-0.3139839
7120	0.00712	-0.2814846
7130	0.00713	-0.1711964
7140	0.00714	-0.1717659
7150	0.00715	-0.1451205
7160	0.00716	-0.11142
7170	0.00717	-0.02742257
7180	0.00718	0.01922527
7190	0.00719	0.0366271
7200	0.0072	0.06790484
7210	0.00721	0.1045128
7220	0.00722	0.1745712
7230	0.00723	0.2326779
7240	0.00724	0.2742124
7250	0.00725	0.2957235
7260	0.00726	0.3572474
7270	0.00727	0.4217138
7280	0.00728	0.4586151
7290	0.00729	0.5109327
7300	0.0073	0.5738958
7310	0.00731	0.6173022
7320	0.00732	0.6808921
7330	0.00733	0.7865185
7340	0.00734	0.9042455
7350	0.00735	1.026347
7360	0.00736	1.172237
7370	0.00737	1.318553
7380	0.00738	1.475897
7390	0.00739	1.615602
7400	0.0074	1.745943
7410	0.00741	1.851768
7420	0.00742	1.976339
7430	0.00743	2.08742
7440	0.00744	2.202262
7450	0.00745	2.331027
7460	0.00746	2.462914
7470	0.00747	2.59337
7480	0.00748	2.720723
7490	0.00749	2.845168
7500	0.0075	2.966407
7510	0.00751	3.084662
7520	0.00752	3.200326
7530	0.00753	3.313665
7540	0.00754	3.424601
7550	0.00755	3.533251
7560	0.00756	3.64005
7570	0.00757	3.74514
7580	0.00758	3.848703
7590	0.00759	3.950787
7600	0.0076	4.051447
7610	0.00761	4.150837
7620	0.00762	4.249053
7630	0.00763	4.346027
7640	0.00764	4.441753
7650	0.00765	4.536289
7660	0.00766	4.629709
7670	0.00767	4.721896
7680	0.00768	4.8133
7690	0.00769	4.903765
7700	0.0077	4.992884
7710	0.00771	5.080939
7720	0.00772	5.168015
7730	0.00773	5.254053
7740	0.00774	5.33907
7750	0.00775	5.423089
7760	0.00776	5.506157
7770	0.00777	5.588326
7780	0.00778	5.669596
7790	0.00779	5.749996
7800	0.0078	5.829542
7810	0.00781	5.90824
7820	0.00782	5.986095
7830	0.00783	6.063109
7840	0.00784	6.139324
7850	0.00785	6.214716
7860	0.00786	6.288521
7870	0.00787	6.362838
7880	0.00788	6.437068
7890	0.00789	6.510266
7900	0.0079	6.582714
7910	0.00791	6.654275
7920	0.00792	6.722702
7930	0.00793	6.785681
7940	0.00794	6.853008
7950	0.00795	6.926421
7960	0.00796	7.001331
7970	0.00797	7.079239
7980	0.00798	7.150142
7990	0.00799	7.215333
8000	0.008	7.27985
8010	0.00801	7.344327
8020	0.00802	7.408457
8030	0.00803	7.472085
8040	0.00804	7.535152
8050	0.00805	7.597639
8060	0.00806	7.659548
8070	0.00807	7.720896
8080	0.00808	7.781684
8090	0.00809	7.84191
8100	0.0081	7.901557
8110	0.00811	7.960609
8120	0.00812	8.019047
8130	0.00813	8.076888
8140	0.00814	8.134179
8150	0.00815	8.191007
8160	0.00816	8.247468
8170	0.00817	8.303649
8180	0.00818	8.359589
8190	0.00819	8.415281
8200	0.0082	8.470674
8210	0.00821	8.525677
8220	0.00822	8.580204
8230	0.00823	8.634177
8240	0.00824	8.68755
8250	0.00825	8.740314
8260	0.00826	8.792504
8270	0.00827	8.844159
8280	0.00828	8.895325
8290	0.00829	8.946036
8300	0.0083	8.996322
8310	0.00831	9.046196
8320	0.00832	9.095673
8330	0.00833	9.144759
8340	0.00834	9.193462
8350	0.00835	9.241786
8360	0.00836	9.289741
8370	0.00837	9.337325
8380	0.00838	9.384549
8390	0.00839	9.431409
8400	0.0084	9.477919
8410	0.00841	9.524077
8420	0.00842	9.569889
8430	0.00843	9.615359
8440	0.00844	9.660486
8450	0.00845	9.705278
8460	0.00846	9.74974
8470	0.00847	9.793878
8480	0.00848	9.837693
8490	0.00849	9.881192
8500	0.0085	9.92438
8510	0.00851	9.967267
8520	0.00852	10.00986
8530	0.00853	10.05216
8540	0.00854	10.09418
8550	0.00855	10.13593
8560	0.00856	10.17741
8570	0.00857	10.21863
8580	0.00858	10.2596
8590	0.00859	10.30031
8600	0.0086	10.34077
8610	0.00861	10.38099
8620	0.00862	10.42096
8630	0.00863	10.4607
8640	0.00864	10.50021
8650	0.00865	10.5395
8660	0.00866	10.57856
8670	0.00867	10.6174
8680	0.00868	10.65603
8690	0.00869	10.69444
8700	0.0087	10.73265
8710	0.00871	10.77064
8720	0.00872	10.80843
8730	0.00873	10.84601
8740	0.00874	10.88339
8750	0.00875	10.92059
8760	0.00876	10.95759
8770	0.00877	10.9944
8780	0.00878	11.03101
8790	0.00879	11.06744
8800	0.0088	11.10368
8810	0.00881	11.13974
8820	0.00882	11.17564
8830	0.00883	11.21136
8840	0.00884	11.24692
8850	0.00885	11.2823
8860	0.00886	11.31752
8870	0.00887	11.35256
8880	0.00888	11.38746
8890	0.00889	11.42221
8900	0.0089	11.45681
8910	0.00891	11.49126
8920	0.00892	11.52556
8930	0.00893	11.5597
8940	0.00894	11.5937
8950	0.00895	11.62755
8960	0.00896	11.66126
8970	0.00897	11.69484
8980	0.00898	11.72827
8990	0.00899	11.76156
9000	0.009	11.7947
9010	0.00901	11.8277
9020	0.00902	11.86056
9030	0.00903	11.89329
9040	0.00904	11.92588
9050	0.00905	11.95834
9060	0.00906	11.99066
9070	0.00907	12.02284
9080	0.00908	12.05488
9090	0.00909	12.08678
9100	0.0091	12.11855
9110	0.00911	12.15019
9120	0.00912	12.18169
9130	0.00913	12.21305
9140	0.00914	12.24427
9150	0.00915	12.27535
9160	0.00916	12.3063
9170	0.00917	12.33711
9180	0.00918	12.36779
9190	0.00919	12.39832
9200	0.0092	12.42872
9210	0.00921	12.45897
9220	0.00922	12.48909
9230	0.00923	12.51906
9240	0.00924	12.5489
9250	0.00925	12.5786
9260	0.00926	12.60816
9270	0.00927	12.63758
9280	0.00928	12.66685
9290	0.00929	12.69598
9300	0.0093	12.72497
9310	0.00931	12.7538
9320	0.00932	12.7825
9330	0.00933	12.81106
9340	0.00934	12.83947
9350	0.00935	12.86774
9360	0.00936	12.89585
9370	0.00937	12.92382
9380	0.00938	12.95247
9390	0.00939	12.97948
9400	0.0094	13.00656
9410	0.00941	13.03347
9420	0.00942	13.06024
9430	0.00943	13.08687
9440	0.00944	13.11335
9450	0.00945	13.1397
9460	0.00946	13.16589
9470	0.00947	13.19194
9480	0.00948	13.21784
9490	0.00949	13.2436
9500	0.0095	13.26922
9510	0.00951	13.29469
9520	0.00952	13.32003
9530	0.00953	13.34522
9540	0.00954	13.37027
9550	0.00955	13.39517
9560	0.00956	13.41993
9570	0.00957	13.44455
9580	0.00958	13.46902
9590	0.00959	13.49335
9600	0.0096	13.51754
9610	0.00961	13.54159
9620	0.00962	13.5655
9630	0.00963	13.58927
9640	0.00964	13.61289
9650	0.00965	13.63637
9660	0.00966	13.65972
9670	0.00967	13.68292
9680	0.00968	13.70598
9690	0.00969	13.7289
9700	0.0097	13.75168
9710	0.00971	13.77432
9720	0.00972	13.79682
9730	0.00973	13.81919
9740	0.00974	13.84142
9750	0.00975	13.86352
9760	0.00976	13.88549
9770	0.00977	13.90732
9780	0.00978	13.92902
9790	0.00979	13.95058
9800	0.0098	13.97201
9810	0.00981	13.99331
9820	0.00982	14.01448
9830	0.00983	14.03552
9840	0.00984	14.05644
9850	0.00985	14.07722
9860	0.00986	14.09787
9870	0.00987	14.1184
9880	0.00988	14.1388
9890	0.00989	14.15907
9900	0.0099	14.17921
9910	0.00991	14.19923
9920	0.00992	14.21913
9930	0.00993	14.23891
9940	0.00994	14.25856
9950	0.00995	14.2781
9960	0.00996	14.29752
9970	0.00997	14.31681
9980	0.00998	14.33599
9990	0.00999	14.35505
10000	0.01	14.37398
10010	0.01001	14.39185
10020	0.01002	14.41122
10030	0.01003	14.43013
10040	0.01004	14.44895
10050	0.01005	14.46767
10060	0.01006	14.48626
10070	0.01007	14.50474
10080	0.01008	14.5231
10090	0.01009	14.54136
10100	0.0101	14.5595
10110	0.01011	14.57752
10120	0.01012	14.59544
10130	0.01013	14.61324
10140	0.01014	14.63093
10150	0.01015	14.64851
10160	0.01016	14.66599
10170	0.01017	14.68335
10180	0.01018	14.70061
10190	0.01019	14.71776
10200	0.0102	14.73481
10210	0.01021	14.75175
10220	0.01022	14.76859
10230	0.01023	14.78532
10240	0.01024	14.80195
10250	0.01025	14.81848
10260	0.01026	14.83491
10270	0.01027	14.85123
10280	0.01028	14.86746
10290	0.01029	14.88359
10300	0.0103	14.89962
10310	0.01031	14.91556
10320	0.01032	14.93139
10330	0.01033	14.94713
10340	0.01034	14.96278
10350	0.01035	14.97833
10360	0.01036	14.99379
10370	0.01037	15.00915
10380	0.01038	15.02443
10390	0.01039	15.03961
10400	0.0104	15.0547
10410	0.01041	15.0697
10420	0.01042	15.08462
10430	0.01043	15.09944
10440	0.01044	15.11418
10450	0.01045	15.12883
10460	0.01046	15.14338
10470	0.01047	15.15786
10480	0.01048	15.17226
10490	0.01049	15.18656
10500	0.0105	15.20078
10510	0.01051	15.21492
10520	0.01052	15.22898
10530	0.01053	15.24296
10540	0.01054	15.25685
10550	0.01055	15.27067
10560	0.01056	15.2844
10570	0.01057	15.29805
10580	0.01058	15.31163
10590	0.01059	15.32512
10600	0.0106	15.33854
10610	0.01061	15.35188
10620	0.01062	15.36514
10630	0.01063	15.37833
10640	0.01064	15.39144
10650	0.01065	15.40448
10660	0.01066	15.41745
10670	0.01067	15.43035
10680	0.01068	15.44317
10690	0.01069	15.45592
10700	0.0107	15.4686
10710	0.01071	15.48121
10720	0.01072	15.49375
10730	0.01073	15.50622
10740	0.01074	15.51863
10750	0.01075	15.53097
10760	0.01076	15.54325
10770	0.01077	15.55546
10780	0.01078	15.56761
10790	0.01079	15.5797
10800	0.0108	15.59173
10810	0.01081	15.6037
10820	0.01082	15.61562
10830	0.01083	15.6275
10840	0.01084	15.63934
10850	0.01085	15.65112
10860	0.01086	15.66287
10870	0.01087	15.67457
10880	0.01088	15.68623
10890	0.01089	15.69786
10900	0.0109	15.70946
10910	0.01091	15.72101
10920	0.01092	15.73254
10930	0.01093	15.74402
10940	0.01094	15.75546
10950	0.01095	15.76685
10960	0.01096	15.7782
10970	0.01097	15.7895
10980	0.01098	15.80074
10990	0.01099	15.8119
11000	0.011	15.82298
11010	0.01101	15.83397
11020	0.01102	15.84486
11030	0.01103	15.85563
11040	0.01104	15.86627
11050	0.01105	15.87677
11060	0.01106	15.88712
11070	0.01107	15.89733
11080	0.01108	15.90737
11090	0.01109	15.91727
11100	0.0111	15.92702
11110	0.01111	15.93664
11120	0.01112	15.94614
11130	0.01113	15.95554
11140	0.01114	15.96487
11150	0.01115	15.97415
11160	0.01116	15.9834
11170	0.01117	15.99264
11180	0.01118	16.00189
11190	0.01119	16.01116
11200	0.0112	16.02047
11210	0.01121	16.02981
11220	0.01122	16.03919
11230	0.01123	16.0486
11240	0.01124	16.05804
11250	0.01125	16.06749
11260	0.01126	16.07695
11270	0.01127	16.0864
11280	0.01128	16.09584
11290	0.01129	16.10526
11300	0.0113	16.11464
11310	0.01131	16.12399
11320	0.01132	16.13329
11330	0.01133	16.14255
11340	0.01134	16.15176
11350	0.01135	16.16092
11360	0.01136	16.17003
11370	0.01137	16.17908
11380	0.01138	16.18808
11390	0.01139	16.19703
11400	0.0114	16.20594
11410	0.01141	16.21479
11420	0.01142	16.2236
11430	0.01143	16.23236
11440	0.01144	16.24107
11450	0.01145	16.24973
11460	0.01146	16.25836
11470	0.01147	16.26693
11480	0.01148	16.27547
11490	0.01149	16.28396
11500	0.0115	16.29241
11510	0.01151	16.30081
11520	0.01152	16.30918
11530	0.01153	16.3175
11540	0.01154	16.32578
11550	0.01155	16.33402
11560	0.01156	16.34222
11570	0.01157	16.35039
11580	0.01158	16.35851
11590	0.01159	16.36659
11600	0.0116	16.37463
11610	0.01161	16.38263
11620	0.01162	16.3906
11630	0.01163	16.39853
11640	0.01164	16.40642
11650	0.01165	16.41427
11660	0.01166	16.42209
11670	0.01167	16.42988
11680	0.01168	16.43763
11690	0.01169	16.44534
11700	0.0117	16.45303
11710	0.01171	16.46068
11720	0.01172	16.46829
11730	0.01173	16.47586
11740	0.01174	16.48341
11750	0.01175	16.49092
11760	0.01176	16.4984
11770	0.01177	16.50585
11780	0.01178	16.51327
11790	0.01179	16.52065
11800	0.0118	16.52799
11810	0.01181	16.53531
11820	0.01182	16.54259
11830	0.01183	16.54984
11840	0.01184	16.55705
11850	0.01185	16.56424
11860	0.01186	16.5714
11870	0.01187	16.57852
11880	0.01188	16.5856
11890	0.01189	16.59266
11900	0.0119	16.59968
11910	0.01191	16.60668
11920	0.01192	16.61364
11930	0.01193	16.62062
11940	0.01194	16.62635
11950	0.01195	16.6298
11960	0.01196	11.05685
11970	0.01197	4.178516
11980	0.01198	3.922967
11990	0.01199	3.838588
12000	0.012	3.796852
12010	0.01201	3.76431
12020	0.01202	3.734935
12030	0.01203	3.707433
12040	0.01204	3.681629
12050	0.01205	3.657332
12060	0.01206	3.634289
12070	0.01207	3.612437
12080	0.01208	3.591734
12090	0.01209	3.572125
12100	0.0121	3.553484
12110	0.01211	3.535813
12120	0.01212	3.519105
12130	0.01213	3.503365
12140	0.01214	3.48858
12150	0.01215	3.474852
12160	0.01216	3.462189
12170	0.01217	3.450596
12180	0.01218	3.440032
12190	0.01219	3.430469
12200	0.0122	3.421854
12210	0.01221	3.414135
12220	0.01222	3.407286
12230	0.01223	3.401283
12240	0.01224	3.396075
12250	0.01225	3.391632
12260	0.01226	3.387885
12270	0.01227	3.384773
12280	0.01228	3.382222
12290	0.01229	3.380169
12300	0.0123	3.378551
12310	0.01231	3.377285
12320	0.01232	3.376341
12330	0.01233	3.375665
12340	0.01234	3.375216
12350	0.01235	3.374967
12360	0.01236	3.374907
12370	0.01237	3.375035
12380	0.01238	3.375393
12390	0.01239	3.375996
12400	0.0124	3.376867
12410	0.01241	3.378031
12420	0.01242	3.379503
12430	0.01243	3.381282
12440	0.01244	3.383365
12450	0.01245	3.385742
12460	0.01246	3.388403
12470	0.01247	3.391344
12480	0.01248	3.394555
12490	0.01249	3.398036
12500	0.0125	3.401799
12510	0.01251	3.405832
12520	0.01252	3.410126
12530	0.01253	3.414657
12540	0.01254	3.4194
12550	0.01255	3.424339
12560	0.01256	3.42948
12570	0.01257	3.434802
12580	0.01258	3.440305
12590	0.01259	3.446001
12600	0.0126	3.451893
12610	0.01261	3.457998
12620	0.01262	3.46432
12630	0.01263	3.470874
12640	0.01264	3.477661
12650	0.01265	3.484692
12660	0.01266	3.491965
12670	0.01267	3.499465
12680	0.01268	3.507193
12690	0.01269	3.515135
12700	0.0127	3.523271
12710	0.01271	3.531585
12720	0.01272	3.54007
12730	0.01273	3.548712
12740	0.01274	3.557506
12750	0.01275	3.566457
12760	0.01276	3.575556
12770	0.01277	3.5848
12780	0.01278	3.594184
12790	0.01279	3.603713
12800	0.0128	3.613389
12810	0.01281	3.623211
12820	0.01282	3.633189
12830	0.01283	3.643325
12840	0.01284	3.653631
12850	0.01285	3.664118
12860	0.01286	3.674788
12870	0.01287	3.685669
12880	0.01288	3.696769
12890	0.01289	3.708091
12900	0.0129	3.719642
12910	0.01291	3.73142
12920	0.01292	3.743426
12930	0.01293	3.755657
12940	0.01294	3.768112
12950	0.01295	3.780791
12960	0.01296	3.793674
12970	0.01297	3.806756
12980	0.01298	3.820032
12990	0.01299	3.833501
13000	0.013	3.847161
13010	0.01301	3.861003
13020	0.01302	3.875024
13030	0.01303	3.88922
13040	0.01304	3.903581
13050	0.01305	3.918097
13060	0.01306	3.932762
13070	0.01307	3.94757
13080	0.01308	3.962522
13090	0.01309	3.977606
13100	0.0131	3.992809
13110	0.01311	4.008124
13120	0.01312	4.023551
13130	0.01313	4.039075
13140	0.01314	4.054683
13150	0.01315	4.070362
13160	0.01316	4.086099
13170	0.01317	4.101873
13180	0.01318	4.117669
13190	0.01319	4.133466
13200	0.0132	4.149255
13210	0.01321	4.165015
13220	0.01322	4.180733
13230	0.01323	4.196401
13240	0.01324	4.212015
13250	0.01325	4.227577
13260	0.01326	4.2431
13270	0.01327	4.258605
13280	0.01328	4.274125
13290	0.01329	4.289695
13300	0.0133	4.305351
13310	0.01331	4.321143
13320	0.01332	4.337119
13330	0.01333	4.353321
13340	0.01334	4.369779
13350	0.01335	4.386519
13360	0.01336	4.40358
13370	0.01337	4.420972
13380	0.01338	4.438702
13390	0.01339	4.456769
13400	0.0134	4.475163
13410	0.01341	4.493871
13420	0.01342	4.512879
13430	0.01343	4.532158
13440	0.01344	4.551681
13450	0.01345	4.571417
13460	0.01346	4.591339
13470	0.01347	4.611422
13480	0.01348	4.631638
13490	0.01349	4.651971
13500	0.0135	4.672401
13510	0.01351	4.69291
13520	0.01352	4.713493
13530	0.01353	4.734133
13540	0.01354	4.754822
13550	0.01355	4.775562
13560	0.01356	4.796337
13570	0.01357	4.817139
13580	0.01358	4.837975
13590	0.01359	4.858829
13600	0.0136	4.879707
13610	0.01361	4.900606
13620	0.01362	4.921513
13630	0.01363	4.94244
13640	0.01364	4.963378
13650	0.01365	4.984333
13660	0.01366	5.005301
13670	0.01367	5.026285
13680	0.01368	5.04728
13690	0.01369	5.06829
13700	0.0137	5.08932
13710	0.01371	5.110367
13720	0.01372	5.131434
13730	0.01373	5.152524
13740	0.01374	5.173633
13750	0.01375	5.19476
13760	0.01376	5.215917
13770	0.01377	5.237105
13780	0.01378	5.258338
13790	0.01379	5.279626
13800	0.0138	5.300976
13810	0.01381	5.322384
13820	0.01382	5.343862
13830	0.01383	5.36541
13840	0.01384	5.387021
13850	0.01385	5.40869
13860	0.01386	5.430394
13870	0.01387	5.452095
13880	0.01388	5.473748
13890	0.01389	5.495304
13900	0.0139	5.516717
13910	0.01391	5.537936
13920	0.01392	5.558938
13930	0.01393	5.579718
13940	0.01394	5.600294
13950	0.01395	5.620712
13960	0.01396	5.64103
13970	0.01397	5.661315
13980	0.01398	5.681637
13990	0.01399	5.70205
14000	0.014	5.722592
14010	0.01401	5.743289
14020	0.01402	5.764153
14030	0.01403	5.785177
14040	0.01404	5.806325
14050	0.01405	5.827571
14060	0.01406	5.848901
14070	0.01407	5.870294
14080	0.01408	5.891742
14090	0.01409	5.913238
14100	0.0141	5.934783
14110	0.01411	5.956375
14120	0.01412	5.978009
14130	0.01413	5.999691
14140	0.01414	6.021419
14150	0.01415	6.043206
14160	0.01416	6.06507
14170	0.01417	6.087026
14180	0.01418	6.109092
14190	0.01419	6.131296
14200	0.0142	6.153669
14210	0.01421	6.176239
14220	0.01422	6.199028
14230	0.01423	6.222079
14240	0.01424	6.24542
14250	0.01425	6.269071
14260	0.01426	6.293038
14270	0.01427	6.317351
14280	0.01428	6.342046
14290	0.01429	6.367133
14300	0.0143	6.392616
14310	0.01431	6.418508
14320	0.01432	6.44483
14330	0.01433	6.471582
14340	0.01434	6.498768
14350	0.01435	6.526403
14360	0.01436	6.554482
14370	0.01437	6.58301
14380	0.01438	6.611992
14390	0.01439	6.641437
14400	0.0144	6.671342
14410	0.01441	6.701703
14420	0.01442	6.732515
14430	0.01443	6.76379
14440	0.01444	6.795508
14450	0.01445	6.827618
14460	0.01446	6.859555
14470	0.01447	6.883564
14480	0.01448	6.795588
14490	0.01449	5.443
14500	0.0145	-0.1230032
14510	0.01451	-3.471802
14520	0.01452	-3.935007
14530	0.01453	-4.005871
14540	0.01454	-4.044242
14550	0.01455	-4.079672
14560	0.01456	-4.113953
14570	0.01457	-4.146947
14580	0.01458	-4.178481
14590	0.01459	-4.208569
14600	0.0146	-4.237213
14610	0.01461	-4.264395
14620	0.01462	-4.290087
14630	0.01463	-4.31427
14640	0.01464	-4.33697
14650	0.01465	-4.358247
14660	0.01466	-4.378217
14670	0.01467	-4.397021
14680	0.01468	-4.414796
14690	0.01469	-4.431657
14700	0.0147	-4.447678
14710	0.01471	-4.462901
14720	0.01472	-4.477342
14730	0.01473	-4.491012
14740	0.01474	-4.503931
14750	0.01475	-4.516143
14760	0.01476	-4.527702
14770	0.01477	-4.53867
14780	0.01478	-4.549111
14790	0.01479	-4.559063
14800	0.0148	-4.568555
14810	0.01481	-4.577605
14820	0.01482	-4.586226
14830	0.01483	-4.594442
14840	0.01484	-4.602292
14850	0.01485	-4.609826
14860	0.01486	-4.617113
14870	0.01487	-4.62423
14880	0.01488	-4.631242
14890	0.01489	-4.638209
14900	0.0149	-4.645176
14910	0.01491	-4.65217
14920	0.01492	-4.6592
14930	0.01493	-4.666277
14940	0.01494	-4.673418
14950	0.01495	-4.680653
14960	0.01496	-4.68804
14970	0.01497	-4.695668
14980	0.01498	-4.703679
14990	0.01499	-4.712272
15000	0.015	-4.721709
15010	0.01501	-4.732339
15020	0.01502	-4.7446
15030	0.01503	-4.759046
15040	0.01504	-4.776365
15050	0.01505	-4.797374
15060	0.01506	-4.822985
15070	0.01507	-4.854241
15080	0.01508	-4.892273
15090	0.01509	-4.938278
15100	0.0151	-4.993517
15110	0.01511	-5.059243
15120	0.01512	-5.13668
15130	0.01513	-5.226961
15140	0.01514	-5.331075
15150	0.01515	-5.449802
15160	0.01516	-5.583659
15170	0.01517	-5.732821
15180	0.01518	-5.897061
15190	0.01519	-6.07566
15200	0.0152	-6.267333
15210	0.01521	-6.47017
15220	0.01522	-6.681621
15230	0.01523	-6.898534
15240	0.01524	-7.11726
15250	0.01525	-7.333868
15260	0.01526	-7.54439
15270	0.01527	-7.745122
15280	0.01528	-7.932909
15290	0.01529	-8.10536
15300	0.0153	-8.260933
15310	0.01531	-8.398944
15320	0.01532	-8.519486
15330	0.01533	-8.623282
15340	0.01534	-8.711521
15350	0.01535	-8.785705
15360	0.01536	-8.847472
15370	0.01537	-8.898489
15380	0.01538	-8.940338
15390	0.01539	-8.974465
15400	0.0154	-9.00213
15410	0.01541	-9.024399
15420	0.01542	-9.042152
15430	0.01543	-9.056094
15440	0.01544	-9.066782
15450	0.01545	-9.074643
15460	0.01546	-9.079998
15470	0.01547	-9.083108
15480	0.01548	-9.084193
15490	0.01549	-9.083447
15500	0.0155	-9.081047
15510	0.01551	-9.077168
15520	0.01552	-9.071981
15530	0.01553	-9.065662
15540	0.01554	-9.058378
15550	0.01555	-9.050282
15560	0.01556	-9.041512
15570	0.01557	-9.032196
15580	0.01558	-9.022428
15590	0.01559	-9.012302
15600	0.0156	-9.001888
15610	0.01561	-8.991245
15620	0.01562	-8.980423
15630	0.01563	-8.969453
15640	0.01564	-8.958357
15650	0.01565	-8.947147
15660	0.01566	-8.935806
15670	0.01567	-8.924304
15680	0.01568	-8.912589
15690	0.01569	-8.900604
15700	0.0157	-8.88827
15710	0.01571	-8.875513
15720	0.01572	-8.862243
15730	0.01573	-8.848374
15740	0.01574	-8.833822
15750	0.01575	-8.818505
15760	0.01576	-8.802348
15770	0.01577	-8.785273
15780	0.01578	-8.767199
15790	0.01579	-8.748047
15800	0.0158	-8.727724
15810	0.01581	-8.70614
15820	0.01582	-8.683195
15830	0.01583	-8.658792
15840	0.01584	-8.632839
15850	0.01585	-8.60525
15860	0.01586	-8.575959
15870	0.01587	-8.544931
15880	0.01588	-8.512164
15890	0.01589	-8.477702
15900	0.0159	-8.441656
15910	0.01591	-8.404232
15920	0.01592	-8.365735
15930	0.01593	-8.326663
15940	0.01594	-8.28777
15950	0.01595	-8.25023
15960	0.01596	-8.21594
15970	0.01597	-8.188149
15980	0.01598	-8.172749
15990	0.01599	-8.180885
16000	0.016	-8.234224
16010	0.01601	-8.37397
16020	0.01602	-8.670716
16030	0.01603	-9.215484
16040	0.01604	-10.04883
16050	0.01605	-11.04722
16060	0.01606	-11.95783
16070	0.01607	-12.61127
16080	0.01608	-13.00929
16090	0.01609	-13.23258
16100	0.0161	-13.35593
16110	0.01611	-13.42642
16120	0.01612	-13.46909
16130	0.01613	-13.4971
16140	0.01614	-13.51704
16150	0.01615	-13.53239
16160	0.01616	-13.5451
16170	0.01617	-13.5561
16180	0.01618	-13.56579
16190	0.01619	-13.5743
16200	0.0162	-13.58164
16210	0.01621	-13.5879
16220	0.01622	-13.59318
16230	0.01623	-13.59767
16240	0.01624	-13.60155
16250	0.01625	-13.60501
16260	0.01626	-13.60814
16270	0.01627	-13.61106
16280	0.01628	-13.61381
16290	0.01629	-13.61644
16300	0.0163	-13.61899
16310	0.01631	-13.62151
16320	0.01632	-13.62407
16330	0.01633	-13.62676
16340	0.01634	-13.62963
16350	0.01635	-13.63278
16360	0.01636	-13.63625
16370	0.01637	-13.6401
16380	0.01638	-13.6444
16390	0.01639	-13.64918
16400	0.0164	-13.6545
16410	0.01641	-13.66038
16420	0.01642	-13.66683
16430	0.01643	-13.6738
16440	0.01644	-13.68119
16450	0.01645	-13.68881
16460	0.01646	-13.6964
16470	0.01647	-13.70353
16480	0.01648	-13.70969
16490	0.01649	-13.71422
16500	0.0165	-13.71632
16510	0.01651	-13.71511
16520	0.01652	-13.70967
16530	0.01653	-13.69906
16540	0.01654	-13.68238
16550	0.01655	-13.65884
16560	0.01656	-13.62782
16570	0.01657	-13.58888
16580	0.01658	-13.5418
16590	0.01659	-13.48651
16600	0.0166	-13.42317
16610	0.01661	-13.35202
16620	0.01662	-13.27347
16630	0.01663	-13.188
16640	0.01664	-13.09612
16650	0.01665	-12.9984
16660	0.01666	-12.89539
16670	0.01667	-12.78765
16680	0.01668	-12.6757
16690	0.01669	-12.56004
16700	0.0167	-12.44114
16710	0.01671	-12.31944
16720	0.01672	-12.19531
16730	0.01673	-12.06914
16740	0.01674	-11.94123
16750	0.01675	-11.81186
16760	0.01676	-11.6813
16770	0.01677	-11.54975
16780	0.01678	-11.41741
16790	0.01679	-11.28446
16800	0.0168	-11.15104
16810	0.01681	-11.01727
16820	0.01682	-10.88326
16830	0.01683	-10.74911
16840	0.01684	-10.6149
16850	0.01685	-10.48069
16860	0.01686	-10.34656
16870	0.01687	-10.21254
16880	0.01688	-10.07868
16890	0.01689	-9.945045
16900	0.0169	-9.811662
16910	0.01691	-9.678576
16920	0.01692	-9.545825
16930	0.01693	-9.413451
16940	0.01694	-9.281487
16950	0.01695	-9.149966
16960	0.01696	-9.018929
16970	0.01697	-8.888409
16980	0.01698	-8.758441
16990	0.01699	-8.629058
17000	0.017	-8.500299
17010	0.01701	-8.372201
17020	0.01702	-8.24481
17030	0.01703	-8.118166
17040	0.01704	-7.992317
17050	0.01705	-7.867313
17060	0.01706	-7.743212
17070	0.01707	-7.620068
17080	0.01708	-7.497956
17090	0.01709	-7.376946
17100	0.0171	-7.257124
17110	0.01711	-7.138579
17120	0.01712	-7.021418
17130	0.01713	-6.905746
17140	0.01714	-6.791683
17150	0.01715	-6.679368
17160	0.01716	-6.568943
17170	0.01717	-6.460574
17180	0.01718	-6.354436
17190	0.01719	-6.250726
17200	0.0172	-6.149646
17210	0.01721	-6.051424
17220	0.01722	-5.95631
17230	0.01723	-5.864574
17240	0.01724	-5.776515
17250	0.01725	-5.69246
17260	0.01726	-5.612749
17270	0.01727	-5.537755
17280	0.01728	-5.46788
17290	0.01729	-5.403528
17300	0.0173	-5.345112
17310	0.01731	-5.293034
17320	0.01732	-5.247669
17330	0.01733	-5.209341
17340	0.01734	-5.178293
17350	0.01735	-5.154679
17360	0.01736	-5.138528
17370	0.01737	-5.129746
17380	0.01738	-5.128104
17390	0.01739	-5.133248
17400	0.0174	-5.144727
17410	0.01741	-5.162025
17420	0.01742	-5.184608
17430	0.01743	-5.211971
17440	0.01744	-5.243688
17450	0.01745	-5.279458
17460	0.01746	-5.319134
17470	0.01747	-5.362731
17480	0.01748	-5.41043
17490	0.01749	-5.462556
17500	0.0175	-5.519516
17510	0.01751	-5.581777
17520	0.01752	-5.649786
17530	0.01753	-5.72391
17540	0.01754	-5.804402
17550	0.01755	-5.891335
17560	0.01756	-5.984604
17570	0.01757	-6.083913
17580	0.01758	-6.188784
17590	0.01759	-6.298571
17600	0.0176	-6.412474
17610	0.01761	-6.529562
17620	0.01762	-6.648801
17630	0.01763	-6.769078
17640	0.01764	-6.889229
17650	0.01765	-7.008122
17660	0.01766	-7.124715
17670	0.01767	-7.238135
17680	0.01768	-7.347743
17690	0.01769	-7.45317
17700	0.0177	-7.554336
17710	0.01771	-7.651417
17720	0.01772	-7.74481
17730	0.01773	-7.835048
17740	0.01774	-7.922749
17750	0.01775	-8.008547
17760	0.01776	-8.093053
17770	0.01777	-8.176814
17780	0.01778	-8.260306
17790	0.01779	-8.343925
17800	0.0178	-8.427999
17810	0.01781	-8.512819
17820	0.01782	-8.598663
17830	0.01783	-8.685856
17840	0.01784	-8.774828
17850	0.01785	-8.86615
17860	0.01786	-8.960535
17870	0.01787	-9.058833
17880	0.01788	-9.161957
17890	0.01789	-9.270773
17900	0.0179	-9.386009
17910	0.01791	-9.508187
17920	0.01792	-9.637619
17930	0.01793	-9.774473
17940	0.01794	-9.918855
17950	0.01795	-10.0708
17960	0.01796	-10.23015
17970	0.01797	-10.39629
17980	0.01798	-10.56782
17990	0.01799	-10.74231
18000	0.018	-10.91638
18010	0.01801	-11.0861
18020	0.01802	-11.24764
18030	0.01803	-11.398
18040	0.01804	-11.53541
18050	0.01805	-11.65951
18060	0.01806	-11.77107
18070	0.01807	-11.8717
18080	0.01808	-11.96334
18090	0.01809	-12.04803
18100	0.0181	-12.12758
18110	0.01811	-12.20353
18120	0.01812	-12.2771
18130	0.01813	-12.34922
18140	0.01814	-12.42057
18150	0.01815	-12.49164
18160	0.01816	-12.56274
18170	0.01817	-12.63408
18180	0.01818	-12.70576
18190	0.01819	-12.77783
18200	0.0182	-12.85023
18210	0.01821	-12.92292
18220	0.01822	-12.99578
18230	0.01823	-13.06871
18240	0.01824	-13.14156
18250	0.01825	-13.21417
18260	0.01826	-13.28635
18270	0.01827	-13.35788
18280	0.01828	-13.42848
18290	0.01829	-13.49781
18300	0.0183	-13.56551
18310	0.01831	-13.63112
18320	0.01832	-13.69418
18330	0.01833	-13.75415
18340	0.01834	-13.81048
18350	0.01835	-13.86264
18360	0.01836	-13.91011
18370	0.01837	-13.95241
18380	0.01838	-13.98917
18390	0.01839	-14.02013
18400	0.0184	-14.04514
18410	0.01841	-14.06424
18420	0.01842	-14.07765
18430	0.01843	-14.08576
18440	0.01844	-14.08919
18450	0.01845	-14.08876
18460	0.01846	-14.08544
18470	0.01847	-14.08032
18480	0.01848	-14.07452
18490	0.01849	-14.06914
18500	0.0185	-14.06511
18510	0.01851	-14.06317
18520	0.01852	-14.06376
18530	0.01853	-14.06704
18540	0.01854	-14.07288
18550	0.01855	-14.08092
18560	0.01856	-14.09059
18570	0.01857	-14.10125
18580	0.01858	-14.11218
18590	0.01859	-14.12268
18600	0.0186	-14.13209
18610	0.01861	-14.13981
18620	0.01862	-14.14537
18630	0.01863	-14.14845
18640	0.01864	-14.14892
18650	0.01865	-14.14686
18660	0.01866	-14.14261
18670	0.01867	-14.13671
18680	0.01868	-14.12986
18690	0.01869	-14.12283
18700	0.0187	-14.11643
18710	0.01871	-14.11134
18720	0.01872	-14.10812
18730	0.01873	-14.10713
18740	0.01874	-14.10854
18750	0.01875	-14.11233
18760	0.01876	-14.1183
18770	0.01877	-14.1261
18780	0.01878	-14.13518
18790	0.01879	-14.14476
18800	0.0188	-14.15384
18810	0.01881	-14.16111
18820	0.01882	-14.16502
18830	0.01883	-14.16389
18840	0.01884	-14.15608
18850	0.01885	-14.14012
18860	0.01886	-14.11499
18870	0.01887	-14.08016
18880	0.01888	-14.0357
18890	0.01889	-13.98222
18900	0.0189	-13.92074
18910	0.01891	-13.85258
18920	0.01892	-13.77921
18930	0.01893	-13.70211
18940	0.01894	-13.62266
18950	0.01895	-13.5421
18960	0.01896	-13.46146
18970	0.01897	-13.38156
18980	0.01898	-13.30302
18990	0.01899	-13.22626
19000	0.019	-13.15151
19010	0.01901	-13.07879
19020	0.01902	-13.00794
19030	0.01903	-12.93853
19040	0.01904	-12.86989
19050	0.01905	-12.80102
19060	0.01906	-12.73069
19070	0.01907	-12.65744
19080	0.01908	-12.57972
19090	0.01909	-12.49602
19100	0.0191	-12.40504
19110	0.01911	-12.30585
19120	0.01912	-12.19796
19130	0.01913	-12.08139
19140	0.01914	-11.95662
19150	0.01915	-11.82449
19160	0.01916	-11.68605
19170	0.01917	-11.54243
19180	0.01918	-11.3947
19190	0.01919	-11.24382
19200	0.0192	-11.09055
19210	0.01921	-10.93545
19220	0.01922	-10.77898
19230	0.01923	-10.62146
19240	0.01924	-10.46318
19250	0.01925	-10.30441
19260	0.01926	-10.14549
19270	0.01927	-9.986813
19280	0.01928	-9.828815
19290	0.01929	-9.671985
19300	0.0193	-9.516817
19310	0.01931	-9.363788
19320	0.01932	-9.213316
19330	0.01933	-9.065748
19340	0.01934	-8.921329
19350	0.01935	-8.780224
19360	0.01936	-8.642497
19370	0.01937	-8.508146
19380	0.01938	-8.377106
19390	0.01939	-8.249247
19400	0.0194	-8.124415
19410	0.01941	-8.002441
19420	0.01942	-7.88316
19430	0.01943	-7.766431
19440	0.01944	-7.652153
19450	0.01945	-7.540267
19460	0.01946	-7.430754
19470	0.01947	-7.323628
19480	0.01948	-7.21892
19490	0.01949	-7.116657
19500	0.0195	-7.016849
19510	0.01951	-6.919487
19520	0.01952	-6.824542
19530	0.01953	-6.731973
19540	0.01954	-6.641735
19550	0.01955	-6.553789
19560	0.01956	-6.468107
19570	0.01957	-6.384672
19580	0.01958	-6.303459
19590	0.01959	-6.224424
19600	0.0196	-6.147496
19610	0.01961	-6.072557
19620	0.01962	-5.999445
19630	0.01963	-5.927969
19640	0.01964	-5.857917
19650	0.01965	-5.789097
19660	0.01966	-5.721347
19670	0.01967	-5.654563
19680	0.01968	-5.588706
19690	0.01969	-5.523808
19700	0.0197	-5.459962
19710	0.01971	-5.397311
19720	0.01972	-5.336036
19730	0.01973	-5.276364
19740	0.01974	-5.218547
19750	0.01975	-5.162875
19760	0.01976	-5.109668
19770	0.01977	-5.059292
19780	0.01978	-5.012156
19790	0.01979	-4.968699
19800	0.0198	-4.929377
19810	0.01981	-4.894663
19820	0.01982	-4.865023
19830	0.01983	-4.840899
19840	0.01984	-4.822687
19850	0.01985	-4.810728
19860	0.01986	-4.805288
19870	0.01987	-4.806538
19880	0.01988	-4.814545
19890	0.01989	-4.829258
19900	0.0199	-4.850506
19910	0.01991	-4.877994
19920	0.01992	-4.911318
19930	0.01993	-4.949972
19940	0.01994	-4.99338
19950	0.01995	-5.040916
19960	0.01996	-5.091938
19970	0.01997	-5.145811
19980	0.01998	-5.20194
19990	0.01999	-5.25979
20000	0.02	-5.318893
20010	0.02001	-5.378854
20020	0.02002	-5.439343
20030	0.02003	-5.500077
20040	0.02004	-5.560783
20050	0.02005	-5.621164
20060	0.02006	-5.68088
20070	0.02007	-5.739512
20080	0.02008	-5.796566
20090	0.02009	-5.851486
20100	0.0201	-5.903657
20110	0.02011	-5.952451
20120	0.02012	-5.997237
20130	0.02013	-6.037413
20140	0.02014	-6.072389
20150	0.02015	-6.101599
20160	0.02016	-6.124481
20170	0.02017	-6.140484
20180	0.02018	-6.149072
20190	0.02019	-6.149736
20200	0.0202	-6.142067
20210	0.02021	-6.12574
20220	0.02022	-6.100601
20230	0.02023	-6.06665
20240	0.02024	-6.024077
20250	0.02025	-5.973223
20260	0.02026	-5.914564
20270	0.02027	-5.848672
20280	0.02028	-5.77618
20290	0.02029	-5.697741
20300	0.0203	-5.614011
20310	0.02031	-5.525618
20320	0.02032	-5.433156
20330	0.02033	-5.33718
20340	0.02034	-5.238174
20350	0.02035	-5.136571
20360	0.02036	-5.032733
20370	0.02037	-4.926959
20380	0.02038	-4.819473
20390	0.02039	-4.710428
20400	0.0204	-4.599916
20410	0.02041	-4.487973
20420	0.02042	-4.374601
20430	0.02043	-4.259783
20440	0.02044	-4.143506
20450	0.02045	-4.025789
20460	0.02046	-3.906675
20470	0.02047	-3.786247
20480	0.02048	-3.664622
20490	0.02049	-3.541938
20500	0.0205	-3.418321
20510	0.02051	-3.293888
20520	0.02052	-3.168715
20530	0.02053	-3.042862
20540	0.02054	-2.916355
20550	0.02055	-2.789217
20560	0.02056	-2.661492
20570	0.02057	-2.533278
20580	0.02058	-2.404752
20590	0.02059	-2.275996
20600	0.0206	-2.147472
20610	0.02061	-2.019708
20620	0.02062	-1.893252
20630	0.02063	-1.768696
20640	0.02064	-1.646603
20650	0.02065	-1.527496
20660	0.02066	-1.410913
20670	0.02067	-1.298128
20680	0.02068	-1.190574
20690	0.02069	-1.08635
20700	0.0207	-0.9882312
20710	0.02071	-0.8935912
20720	0.02072	-0.805356
20730	0.02073	-0.7206421
20740	0.02074	-0.6424499
20750	0.02075	-0.5680287
20760	0.02076	-0.4995056
20770	0.02077	-0.4360718
20780	0.02078	-0.3762912
20790	0.02079	-0.3227398
20800	0.0208	-0.2735387
20810	0.02081	-0.2287567
20820	0.02082	-0.1895426
20830	0.02083	-0.154452
20840	0.02084	-0.1227787
20850	0.02085	-0.09679352
20860	0.02086	-0.07489119
20870	0.02087	-0.05696977
20880	0.02088	-0.04205634
20890	0.02089	-0.03065355
20900	0.0209	-0.02271064
20910	0.02091	-0.0176957
20920	0.02092	-0.0150335
20930	0.02093	-0.01460685
20940	0.02094	-0.01632101
20950	0.02095	-0.02010675
20960	0.02096	-0.0259011
20970	0.02097	-0.03373185
20980	0.02098	-0.04338707
20990	0.02099	-0.05473129
21000	0.021	-0.06744152
21010	0.02101	-0.08121452
21020	0.02102	-0.09562074
21030	0.02103	-0.1100345
21040	0.02104	-0.1239514
21050	0.02105	-0.136338
21060	0.02106	-0.1461502
21070	0.02107	-0.1526231
21080	0.02108	-0.1547724
21090	0.02109	-0.1517029
21100	0.0211	-0.1425492
21110	0.02111	-0.1266462
21120	0.02112	-0.102923
21130	0.02113	-0.07213338
21140	0.02114	-0.03327463
21150	0.02115	0.01405761
21160	0.02116	0.06782755
21170	0.02117	0.1302933
21180	0.02118	0.1988738
21190	0.02119	0.2738997
21200	0.0212	0.3556135
21210	0.02121	0.4481876
21220	0.02122	0.5305631
21230	0.02123	0.6160966
21240	0.02124	0.7069327
21250	0.02125	0.801466
21260	0.02126	0.8988869
21270	0.02127	0.9986851
21280	0.02128	1.100491
21290	0.02129	1.204014
21300	0.0213	1.309013
21310	0.02131	1.415285
21320	0.02132	1.522655
21330	0.02133	1.630962
21340	0.02134	1.740067
21350	0.02135	1.849822
21360	0.02136	1.960083
21370	0.02137	2.070712
21380	0.02138	2.181574
21390	0.02139	2.292547
21400	0.0214	2.403508
21410	0.02141	2.514342
21420	0.02142	2.624938
21430	0.02143	2.735191
21440	0.02144	2.844987
21450	0.02145	2.954224
21460	0.02146	3.062796
21470	0.02147	3.170606
21480	0.02148	3.277572
21490	0.02149	3.3836
21500	0.0215	3.488602
21510	0.02151	3.592512
21520	0.02152	3.695239
21530	0.02153	3.796714
21540	0.02154	3.896852
21550	0.02155	3.995591
21560	0.02156	4.092854
21570	0.02157	4.188574
21580	0.02158	4.282693
21590	0.02159	4.375142
21600	0.0216	4.465857
21610	0.02161	4.554782
21620	0.02162	4.641858
21630	0.02163	4.727026
21640	0.02164	4.810235
21650	0.02165	4.891443
21660	0.02166	4.9706
21670	0.02167	5.047672
21680	0.02168	5.122621
21690	0.02169	5.195427
21700	0.0217	5.266076
21710	0.02171	5.334565
21720	0.02172	5.400906
21730	0.02173	5.465107
21740	0.02174	5.527212
21750	0.02175	5.587258
21760	0.02176	5.645306
21770	0.02177	5.701417
21780	0.02178	5.755664
21790	0.02179	5.808125
21800	0.0218	5.858883
21810	0.02181	5.908024
21820	0.02182	5.955625
21830	0.02183	6.001758
21840	0.02184	6.046479
21850	0.02185	6.089833
21860	0.02186	6.131842
21870	0.02187	6.172493
21880	0.02188	6.211737
21890	0.02189	6.249446
21900	0.0219	6.285414
21910	0.02191	6.319291
21920	0.02192	6.350507
21930	0.02193	6.378117
21940	0.02194	6.400504
21950	0.02195	6.414832
21960	0.02196	6.415754
21970	0.02197	6.392785
21980	0.02198	6.323525
21990	0.02199	6.158886
22000	0.022	5.798927
22010	0.02201	5.098833
22020	0.02202	4.033484
22030	0.02203	2.915843
22040	0.02204	2.1054
22050	0.02205	1.642484
22060	0.02206	1.401275
22070	0.02207	1.278283
22080	0.02208	1.218049
22090	0.02209	1.193425
22100	0.0221	1.190781
22110	0.02211	1.202873
22120	0.02212	1.225589
22130	0.02213	1.256414
22140	0.02214	1.293742
22150	0.02215	1.336402
22160	0.02216	1.383557
22170	0.02217	1.434579
22180	0.02218	1.488948
22190	0.02219	1.546206
22200	0.0222	1.605995
22210	0.02221	1.668026
22220	0.02222	1.732145
22230	0.02223	1.798298
22240	0.02224	1.866529
22250	0.02225	1.936914
22260	0.02226	2.009517
22270	0.02227	2.084348
22280	0.02228	2.161346
22290	0.02229	2.240385
22300	0.0223	2.321304
22310	0.02231	2.403918
22320	0.02232	2.488033
22330	0.02233	2.573459
22340	0.02234	2.66001
22350	0.02235	2.747501
22360	0.02236	2.835755
22370	0.02237	2.924628
22380	0.02238	3.013974
22390	0.02239	3.103651
22400	0.0224	3.193527
22410	0.02241	3.283479
22420	0.02242	3.373393
22430	0.02243	3.463162
22440	0.02244	3.552693
22450	0.02245	3.641905
22460	0.02246	3.730726
22470	0.02247	3.819077
22480	0.02248	3.906903
22490	0.02249	3.994153
22500	0.0225	4.080766
22510	0.02251	4.166705
22520	0.02252	4.251933
22530	0.02253	4.336415
22540	0.02254	4.420106
22550	0.02255	4.502976
22560	0.02256	4.585001
22570	0.02257	4.666149
22580	0.02258	4.746397
22590	0.02259	4.825721
22600	0.0226	4.904102
22610	0.02261	4.981527
22620	0.02262	5.057986
22630	0.02263	5.133467
22640	0.02264	5.207964
22650	0.02265	5.281476
22660	0.02266	5.354002
22670	0.02267	5.425542
22680	0.02268	5.496106
22690	0.02269	5.5657
22700	0.0227	5.634325
22710	0.02271	5.701994
22720	0.02272	5.768729
22730	0.02273	5.834535
22740	0.02274	5.899429
22750	0.02275	5.963428
22760	0.02276	6.026548
22770	0.02277	6.088814
22780	0.02278	6.150239
22790	0.02279	6.210848
22800	0.0228	6.27065
22810	0.02281	6.329667
22820	0.02282	6.387911
22830	0.02283	6.445381
22840	0.02284	6.502082
22850	0.02285	6.558012
22860	0.02286	6.613164
22870	0.02287	6.667522
22880	0.02288	6.72107
22890	0.02289	6.773788
22900	0.0229	6.825655
22910	0.02291	6.876647
22920	0.02292	6.926745
22930	0.02293	6.975931
22940	0.02294	7.024187
22950	0.02295	7.071504
22960	0.02296	7.117871
22970	0.02297	7.163291
22980	0.02298	7.207759
22990	0.02299	7.251278
23000	0.023	7.293852
23010	0.02301	7.335487
23020	0.02302	7.376187
23030	0.02303	7.415947
23040	0.02304	7.454769
23050	0.02305	7.492652
23060	0.02306	7.529588
23070	0.02307	7.565583
23080	0.02308	7.600636
23090	0.02309	7.634762
23100	0.0231	7.667989
23110	0.02311	7.700349
23120	0.02312	7.731894
23130	0.02313	7.762689
23140	0.02314	7.792816
23150	0.02315	7.822371
23160	0.02316	7.85146
23170	0.02317	7.880202
23180	0.02318	7.908713
23190	0.02319	7.937124
23200	0.0232	7.965549
23210	0.02321	7.994103
23220	0.02322	8.022882
23230	0.02323	8.051972
23240	0.02324	8.081441
23250	0.02325	8.111333
23260	0.02326	8.141689
23270	0.02327	8.172517
23280	0.02328	8.20381
23290	0.02329	8.235559
23300	0.0233	8.267738
23310	0.02331	8.300307
23320	0.02332	8.333232
23330	0.02333	8.366473
23340	0.02334	8.399985
23350	0.02335	8.433722
23360	0.02336	8.467631
23370	0.02337	8.501659
23380	0.02338	8.535758
23390	0.02339	8.569866
23400	0.0234	8.603926
23410	0.02341	8.637877
23420	0.02342	8.671659
23430	0.02343	8.705205
23440	0.02344	8.738455
23450	0.02345	8.771342
23460	0.02346	8.803811
23470	0.02347	8.8358
23480	0.02348	8.86725
23490	0.02349	8.898108
23500	0.0235	8.928326
23510	0.02351	8.957858
23520	0.02352	8.98667
23530	0.02353	9.014717
23540	0.02354	9.041975
23550	0.02355	9.068422
23560	0.02356	9.094039
23570	0.02357	9.118798
23580	0.02358	9.142712
23590	0.02359	9.165777
23600	0.0236	9.187994
23610	0.02361	9.209384
23620	0.02362	9.229979
23630	0.02363	9.249798
23640	0.02364	9.268895
23650	0.02365	9.287313
23660	0.02366	9.305103
23670	0.02367	9.322331
23680	0.02368	9.339064
23690	0.02369	9.355376
23700	0.0237	9.371341
23710	0.02371	9.387035
23720	0.02372	9.402537
23730	0.02373	9.41792
23740	0.02374	9.433252
23750	0.02375	9.448606
23760	0.02376	9.464047
23770	0.02377	9.479624
23780	0.02378	9.495378
23790	0.02379	9.511349
23800	0.0238	9.527566
23810	0.02381	9.544054
23820	0.02382	9.560822
23830	0.02383	9.577872
23840	0.02384	9.595208
23850	0.02385	9.612817
23860	0.02386	9.630683
23870	0.02387	9.648789
23880	0.02388	9.667109
23890	0.02389	9.685616
23900	0.0239	9.704277
23910	0.02391	9.72306
23920	0.02392	9.741929
23930	0.02393	9.76085
23940	0.02394	9.779788
23950	0.02395	9.798714
23960	0.02396	9.817595
23970	0.02397	9.836404
23980	0.02398	9.855116
23990	0.02399	9.873712
24000	0.024	9.89217
24010	0.02401	9.910479
24020	0.02402	9.928627
24030	0.02403	9.946614
24040	0.02404	9.964438
24050	0.02405	9.982097
24060	0.02406	9.999599
24070	0.02407	10.01696
24080	0.02408	10.03421
24090	0.02409	10.05136
24100	0.0241	10.06843
24110	0.02411	10.08545
24120	0.02412	10.10245
24130	0.02413	10.11945
24140	0.02414	10.13649
24150	0.02415	10.1536
24160	0.02416	10.1708
24170	0.02417	10.18811
24180	0.02418	10.20555
24190	0.02419	10.22315
24200	0.0242	10.2409
24210	0.02421	10.25883
24220	0.02422	10.27693
24230	0.02423	10.2952
24240	0.02424	10.31365
24250	0.02425	10.33225
24260	0.02426	10.351
24270	0.02427	10.36988
24280	0.02428	10.38886
24290	0.02429	10.40792
24300	0.0243	10.42703
24310	0.02431	10.44616
24320	0.02432	10.46526
24330	0.02433	10.4843
24340	0.02434	10.50323
24350	0.02435	10.52198
24360	0.02436	10.54049
24370	0.02437	10.5587
24380	0.02438	10.57652
24390	0.02439	10.59385
24400	0.0244	10.61056
24410	0.02441	10.62653
24420	0.02442	10.64157
24430	0.02443	10.65545
24440	0.02444	10.66788
24450	0.02445	10.67847
24460	0.02446	10.68664
24470	0.02447	10.69152
24480	0.02448	10.69161
24490	0.02449	10.68415
24500	0.0245	10.66267
24510	0.02451	10.6107
24520	0.02452	10.48362
24530	0.02453	10.17277
24540	0.02454	9.520292
24550	0.02455	8.580134
24560	0.02456	7.762192
24570	0.02457	7.28526
24580	0.02458	7.036626
24590	0.02459	6.896618
24600	0.0246	6.805084
24610	0.02461	6.737565
24620	0.02462	6.683874
24630	0.02463	6.639492
24640	0.02464	6.602271
24650	0.02465	6.57112
24660	0.02466	6.545413
24670	0.02467	6.52476
24680	0.02468	6.508872
24690	0.02469	6.497496
24700	0.0247	6.490399
24710	0.02471	6.487363
24720	0.02472	6.488147
24730	0.02473	6.492536
24740	0.02474	6.500297
24750	0.02475	6.511205
24760	0.02476	6.525039
24770	0.02477	6.541583
24780	0.02478	6.56061
24790	0.02479	6.581916
24800	0.0248	6.605303
24810	0.02481	6.630588
24820	0.02482	6.657596
24830	0.02483	6.686169
24840	0.02484	6.71616
24850	0.02485	6.747429
24860	0.02486	6.779845
24870	0.02487	6.813291
24880	0.02488	6.847657
24890	0.02489	6.882838
24900	0.0249	6.918741
24910	0.02491	6.955277
24920	0.02492	6.992369
24930	0.02493	7.029945
24940	0.02494	7.067934
24950	0.02495	7.106268
24960	0.02496	7.144888
24970	0.02497	7.183735
24980	0.02498	7.222764
24990	0.02499	7.261918
25000	0.025	7.301147
25010	0.02501	7.340408
25020	0.02502	7.379656
25030	0.02503	7.418849
25040	0.02504	7.457943
25050	0.02505	7.496896
25060	0.02506	7.535665
25070	0.02507	7.57421
25080	0.02508	7.612491
25090	0.02509	7.650468
25100	0.0251	7.688099
25110	0.02511	7.725351
25120	0.02512	7.76218
25130	0.02513	7.798542
25140	0.02514	7.83439
25150	0.02515	7.869679
25160	0.02516	7.904357
25170	0.02517	7.938377
25180	0.02518	7.971678
25190	0.02519	8.004198
25200	0.0252	8.035868
25210	0.02521	8.066611
25220	0.02522	8.096343
25230	0.02523	8.124962
25240	0.02524	8.152373
25250	0.02525	8.178449
25260	0.02526	8.203055
25270	0.02527	8.226042
25280	0.02528	8.247231
25290	0.02529	8.266425
25300	0.0253	8.283399
25310	0.02531	8.297892
25320	0.02532	8.309607
25330	0.02533	8.318195
25340	0.02534	8.323257
25350	0.02535	8.324335
25360	0.02536	8.320894
25370	0.02537	8.312329
25380	0.02538	8.297922
25390	0.02539	8.276831
25400	0.0254	8.248088
25410	0.02541	8.210597
25420	0.02542	8.163117
25430	0.02543	8.104269
25440	0.02544	8.032544
25450	0.02545	7.946362
25460	0.02546	7.844163
25470	0.02547	7.724591
25480	0.02548	7.586756
25490	0.02549	7.430611
25500	0.0255	7.257362
25510	0.02551	7.069783
25520	0.02552	6.872253
25530	0.02553	6.670361
25540	0.02554	6.470063
25550	0.02555	6.276757
25560	0.02556	6.094529
25570	0.02557	5.925855
25580	0.02558	5.771742
25590	0.02559	5.632143
25600	0.0256	5.506399
25610	0.02561	5.393624
25620	0.02562	5.292929
25630	0.02563	5.203536
25640	0.02564	5.12479
25650	0.02565	5.056137
25660	0.02566	4.997052
25670	0.02567	4.947013
25680	0.02568	4.905458
25690	0.02569	4.871776
25700	0.0257	4.845311
25710	0.02571	4.825376
25720	0.02572	4.811262
25730	0.02573	4.802267
25740	0.02574	4.797699
25750	0.02575	4.79688
25760	0.02576	4.799164
25770	0.02577	4.803932
25780	0.02578	4.810594
25790	0.02579	4.818575
25800	0.0258	4.827325
25810	0.02581	4.836292
25820	0.02582	4.844931
25830	0.02583	4.85267
25840	0.02584	4.858916
25850	0.02585	4.863037
25860	0.02586	4.864356
25870	0.02587	4.862109
25880	0.02588	4.855474
25890	0.02589	4.843523
25900	0.0259	4.825222
25910	0.02591	4.799459
25920	0.02592	4.765065
25930	0.02593	4.720879
25940	0.02594	4.665844
25950	0.02595	4.59917
25960	0.02596	4.520494
25970	0.02597	4.430066
25980	0.02598	4.328938
25990	0.02599	4.218957
26000	0.026	4.102698
26010	0.02601	3.983158
26020	0.02602	3.863391
26030	0.02603	3.746147
26040	0.02604	3.633542
26050	0.02605	3.527009
26060	0.02606	3.427276
26070	0.02607	3.334502
26080	0.02608	3.248467
26090	0.02609	3.168705
26100	0.0261	3.094673
26110	0.02611	3.025813
26120	0.02612	2.961623
26130	0.02613	2.901671
26140	0.02614	2.845618
26150	0.02615	2.793182
26160	0.02616	2.744162
26170	0.02617	2.698394
26180	0.02618	2.655745
26190	0.02619	2.616111
26200	0.0262	2.579402
26210	0.02621	2.545537
26220	0.02622	2.514419
26230	0.02623	2.485962
26240	0.02624	2.46006
26250	0.02625	2.436607
26260	0.02626	2.415501
26270	0.02627	2.396632
26280	0.02628	2.379893
26290	0.02629	2.365166
26300	0.0263	2.352335
26310	0.02631	2.34128
26320	0.02632	2.331894
26330	0.02633	2.324061
26340	0.02634	2.317668
26350	0.02635	2.312602
26360	0.02636	2.308743
26370	0.02637	2.305985
26380	0.02638	2.30421
26390	0.02639	2.303308
26400	0.0264	2.303164
26410	0.02641	2.303681
26420	0.02642	2.304759
26430	0.02643	2.306299
26440	0.02644	2.308224
26450	0.02645	2.310462
26460	0.02646	2.312958
26470	0.02647	2.315668
26480	0.02648	2.318576
26490	0.02649	2.321683
26500	0.0265	2.325018
26510	0.02651	2.328638
26520	0.02652	2.332629
26530	0.02653	2.337106
26540	0.02654	2.342223
26550	0.02655	2.348157
26560	0.02656	2.355108
26570	0.02657	2.363306
26580	0.02658	2.372992
26590	0.02659	2.384424
26600	0.0266	2.39787
26610	0.02661	2.413579
26620	0.02662	2.431775
26630	0.02663	2.452671
26640	0.02664	2.476442
		
		
		
